 <pre>

 Contingency table for Cloud base (m)
 Selection: ALL    143 stations
Period: 20200203-20200217
Used {12} + 01 02 ... 24
 Limits    70.0000000       150.000000       300.000000       600.000000       1000.00000       1500.00000       2500.00000       5000.00000    
 Each class is data <= limit, the very last > last limit
 Total number of values       38421
                                                       OBSERVATION
                                    236      207      141       72       26       21        6        6       13 |       728
                                     91      297      284      140       29       17        6        2        7 |       873
                                     78      405     1010      774      121       93        9       16        3 |      2509
                                     41      169      870     3200     1609      559      110      120       83 |      6761
                         Tegen       19       61      246     1459     3349     1594      183      296      162 |      7369
                                      8       27      165      628     1203     1308      144      223       97 |      3803
                                      4       27      112      412      571      613      166      178       34 |      2117
                                      5       25      112      530      603      644      278      603       77 |      2877
                                    250      116      406     1798     3042     2442      395     1299     1636 |     11384

                    SUM             732     1334     3346     9013    10553     7291     1297     2743     2112 |     38421
                                                       OBSERVATION
                                    238      204      141       74       32       20        7        6       15 |       737
                                     92      295      277      132       25       19        6        3        3 |       852
                                     73      401     1006      778      115       92        7       14        3 |      2489
                                     46      177      882     3203     1603      534      110      125       75 |      6755
                       CAMSMMR       18       60      246     1471     3428     1581      204      320      189 |      7517
                                      9       26      159      600     1197     1351      138      211       88 |      3779
                                      3       24      118      421      538      639      173      186       35 |      2137
                                      6       25      112      515      663      639      263      589       80 |      2892
                                    247      122      405     1819     2952     2416      389     1289     1624 |     11263

                    SUM             732     1334     3346     9013    10553     7291     1297     2743     2112 |     38421
                                                       OBSERVATION
                                    170      124      114       73       34       29        9        4        7 |       564
                                     89      251      175      125       23       22        2        3        0 |       690
                                     81      506      953      514       95       65       20       17        5 |      2256
                                     30      163      960     3252     1592      497       99      119       79 |      6791
                       CAMSNRT       13       45      222     1209     2992     1421      170      254      116 |      6442
                                     13       29      143      534      895     1077      121      176       53 |      3041
                                      5       34      112      479      493      547      140      156       26 |      1992
                                      4       28      164      593      738      749      284      640       96 |      3296
                                    327      154      503     2234     3691     2884      452     1374     1730 |     13349

                    SUM             732     1334     3346     9013    10553     7291     1297     2743     2112 |     38421

