 <pre>

 Contingency table for Cloud cover (octas)
 Selection: ALL     32 stations
Period: 20200203-20200217
Used {00,12} + 01 02 ... 24
 Limits   0.500000000       1.50000000       2.50000000       3.50000000       4.50000000       5.50000000       6.50000000       7.50000000    
 Each class is data <= limit, the very last > last limit
 Total number of values       13865
                                                       OBSERVATION
                                    345      596      217      187       82       93      107      111       62 |      1800
                                     50      143      108      105       72       80       81       84       32 |       755
                                     20       77       56       82       43       51       62       71       30 |       492
                                      8       54       58       52       47       42       50       62       36 |       409
                         Tegen       14       35       39       49       42       42       50       61       25 |       357
                                     14       36       48       42       43       57       53       89       25 |       407
                                     12       52       44       71       41       55       81      114       32 |       502
                                     23       56       88       98       68       91      120      214       82 |       840
                                     45      185      246      372      381      542      977     2923     2632 |      8303

                    SUM             531     1234      904     1058      819     1053     1581     3729     2956 |     13865
                                                       OBSERVATION
                                    347      612      217      186       79      104      104      110       61 |      1820
                                     48      124      102       90       72       77       78       93       32 |       716
                                     19       70       61       91       49       37       54       71       32 |       484
                                      7       41       52       66       40       38       53       43       27 |       367
                       CAMSMMR       14       50       39       47       37       48       54       58       26 |       373
                                     11       41       45       52       34       51       45       99       32 |       410
                                     15       55       56       56       53       55       86      118       43 |       537
                                     26       59       82       88       63      112      117      205       86 |       838
                                     44      182      250      382      392      531      990     2932     2617 |      8320

                    SUM             531     1234      904     1058      819     1053     1581     3729     2956 |     13865
                                                       OBSERVATION
                                    430      629      229      202       82      110      106      125       72 |      1985
                                     35      139      123      116       87       80      100       96       53 |       829
                                     11       75       72       64       58       61       69      109       44 |       563
                                      3       57       47       67       30       46       60       76       24 |       410
                       CAMSNRT        7       39       41       45       41       57       50       99       24 |       403
                                     13       46       51       42       38       56       69       90       36 |       441
                                      4       50       56       70       56       60       70      117       54 |       537
                                     10       58       76      116       67      101      134      235       92 |       889
                                     18      141      209      336      360      482      923     2782     2557 |      7808

                    SUM             531     1234      904     1058      819     1053     1581     3729     2956 |     13865

