 <pre>

 Contingency table for Cloud cover (octas)
 Selection: ALL     32 stations
Period: 20200203-20200217
Used {12} + 01 02 ... 24
 Limits   0.500000000       1.50000000       2.50000000       3.50000000       4.50000000       5.50000000       6.50000000       7.50000000    
 Each class is data <= limit, the very last > last limit
 Total number of values        6923
                                                       OBSERVATION
                                    187      319       98       90       42       43       52       55       37 |       923
                                     25       68       54       49       45       39       44       41       15 |       380
                                      8       37       27       40       22       26       30       35       16 |       241
                                      6       24       26       29       21       21       22       28       18 |       195
                         Tegen        6       13       22       29       19       22       25       30       13 |       179
                                      6       25       24       21       11       25       20       51        8 |       191
                                      5       20       19       41       19       26       44       58       19 |       251
                                      8       26       50       50       30       43       60       88       32 |       387
                                     17       92      128      177      197      284      502     1477     1302 |      4176

                    SUM             268      624      448      526      406      529      799     1863     1460 |      6923
                                                       OBSERVATION
                                    188      324      102       88       44       50       54       56       36 |       942
                                     27       63       52       51       38       39       37       45       17 |       369
                                      8       35       31       42       23       16       27       39       15 |       236
                                      3       19       24       33       20       17       27       21       18 |       182
                       CAMSMMR        6       21       16       26       22       21       19       31        8 |       170
                                      6       23       24       26       10       25       20       46       12 |       192
                                      4       26       28       30       19       27       39       58       20 |       251
                                      7       25       47       46       26       56       62       84       44 |       397
                                     19       88      124      184      204      278      514     1483     1290 |      4184

                    SUM             268      624      448      526      406      529      799     1863     1460 |      6923
                                                       OBSERVATION
                                    219      333      113       95       46       49       54       62       37 |      1008
                                     20       66       63       57       51       42       51       41       25 |       416
                                      4       37       35       29       26       28       30       56       27 |       272
                                      2       31       16       38       14       20       30       45       16 |       212
                       CAMSNRT        2       20       22       25       19       20       23       50       15 |       196
                                      6       25       28       26       21       33       23       49       14 |       225
                                      3       25       31       36       24       29       31       57       30 |       266
                                      3       26       43       52       28       54       76      116       40 |       438
                                      9       61       97      168      177      254      481     1387     1256 |      3890

                    SUM             268      624      448      526      406      529      799     1863     1460 |      6923

