 <pre>

 Contingency table for Cloud base (m)
 Selection: ALL    143 stations
Period: 20200203-20200217
Used {00} + 01 02 ... 24
 Limits    70.0000000       150.000000       300.000000       600.000000       1000.00000       1500.00000       2500.00000       5000.00000    
 Each class is data <= limit, the very last > last limit
 Total number of values       38494
                                                       OBSERVATION
                                    282      209      160       68       32       18        4        4       17 |       794
                                     94      293      271      118       33       15        7        4        2 |       837
                                     74      378      925      690      134       88       20       18        7 |      2334
                                     40      196      918     3211     1551      573       98      111       80 |      6778
                         Tegen       15       62      250     1421     3233     1572      203      247      148 |      7151
                                     12       33      173      612     1207     1468      136      231      119 |      3991
                                      4       30      116      407      575      612      174      167       37 |      2122
                                      7       32      137      507      662      668      262      603       77 |      2955
                                    207      110      409     1792     3128     2527      382     1313     1664 |     11532

                    SUM             735     1343     3359     8826    10555     7541     1286     2698     2151 |     38494
                                                       OBSERVATION
                                    279      208      159       69       30       17        3        2       16 |       783
                                     92      283      264      117       32       21        9        2        3 |       823
                                     79      390      914      666      128       82       17       18        5 |      2299
                                     37      199      927     3227     1513      547      100      109       72 |      6731
                       CAMSMMR       15       51      258     1447     3265     1602      203      268      156 |      7265
                                     11       39      172      620     1237     1487      151      211      122 |      4050
                                      3       30      120      417      587      610      166      160       33 |      2126
                                      7       34      142      504      661      683      258      616       80 |      2985
                                    212      109      403     1759     3102     2492      379     1312     1664 |     11432

                    SUM             735     1343     3359     8826    10555     7541     1286     2698     2151 |     38494
                                                       OBSERVATION
                                    203      128      117       67       30       16        7        2       15 |       585
                                     72      258      163       93       36       20        1        6        1 |       650
                                     89      507      929      482      122       67       16       18        8 |      2238
                                     29      149     1011     3239     1617      512      101      130       65 |      6853
                       CAMSNRT       12       46      216     1212     2873     1461      186      218      135 |      6359
                                     12       36      154      509      953     1181      101      153       61 |      3160
                                      5       30      140      423      467      563      148      141       22 |      1939
                                      4       46      161      642      759      732      277      653       76 |      3350
                                    309      143      468     2159     3698     2989      449     1377     1768 |     13360

                    SUM             735     1343     3359     8826    10555     7541     1286     2698     2151 |     38494

