 <pre>

 Contingency table for Low clouds (octas)
 Selection: Ireland     27 stations
Period: 20200203-20200217
Used {00,12} + 01 02 ... 24
 Limits    1.00000000       2.00000000       3.00000000       4.00000000       5.00000000       6.00000000       7.00000000    
 Each class is data <= limit, the very last > last limit
 Total number of values       17391
                                              OBSERVATION
                                   1665      429      423      337      333      283      533      243 |      4246
                                    170      104      114      101       85       64      171       61 |       870
                                    173       72       94       94       63       84      150       41 |       771
                         Tegen      137       77       82       58       69       70      121       40 |       654
                                    103       64       73       79       63       67      128       49 |       626
                                    127       61       94       93       97      104      164       48 |       788
                                    198      133      126      126      121      130      300      108 |      1242
                                    629      564      658      618      702      831     2734     1458 |      8194

                    SUM            3202     1504     1664     1506     1533     1633     4301     2048 |     17391
                                              OBSERVATION
                                   1639      424      411      344      332      276      512      228 |      4166
                                    189      114      125       94       72       70      177       54 |       895
                                    156       67       88       89       55       80      148       56 |       739
                       CAMSMMR      144       68       76       68       75       68      118       40 |       657
                                    115       70       74       65       79       79      133       47 |       662
                                    115       70       82       88       87       89      177       51 |       759
                                    182      125      145      123      107      121      281       99 |      1183
                                    662      566      663      635      726      850     2755     1473 |      8330

                    SUM            3202     1504     1664     1506     1533     1633     4301     2048 |     17391
                                              OBSERVATION
                                   1735      446      455      348      339      289      584      315 |      4511
                                    200      122      108      116       83       98      213       87 |      1027
                                    139       67      111       97       83       87      169       73 |       826
                       CAMSNRT      129       77       71       69       66       64      158       62 |       696
                                    139       83       84       78       68       89      169       53 |       763
                                    123       83      107       89       92       90      208       71 |       863
                                    168      154      153      138      125      147      366      145 |      1396
                                    569      472      575      571      677      769     2434     1242 |      7309

                    SUM            3202     1504     1664     1506     1533     1633     4301     2048 |     17391

