 <pre>

 Contingency table for Low clouds (octas)
 Selection: ALL    143 stations
Period: 20200203-20200217
Used {00} + 01 02 ... 24
 Limits    1.00000000       2.00000000       3.00000000       4.00000000       5.00000000       6.00000000       7.00000000    
 Each class is data <= limit, the very last > last limit
 Total number of values       41661
                                              OBSERVATION
                                   4958     1257     1051      835      683      609      884      498 |     10775
                                    572      287      270      214      190      165      290      126 |      2114
                                    414      220      198      204      167      176      252       85 |      1716
                         Tegen      319      174      193      158      167      153      194       94 |      1452
                                    318      183      189      163      137      151      225       85 |      1451
                                    375      198      201      213      182      164      260       93 |      1686
                                    465      302      332      272      280      298      478      216 |      2643
                                   1548     1781     1932     1926     2104     2565     5042     2926 |     19824

                    SUM            8969     4402     4366     3985     3910     4281     7625     4123 |     41661
                                              OBSERVATION
                                   4922     1261     1038      845      681      583      869      479 |     10678
                                    595      300      286      217      188      185      288      123 |      2182
                                    392      217      197      183      156      167      242       88 |      1642
                       CAMSMMR      338      187      188      170      170      158      201      102 |      1514
                                    317      188      178      166      138      161      230       81 |      1459
                                    362      173      203      191      180      175      255       99 |      1638
                                    471      317      364      281      280      277      457      202 |      2649
                                   1572     1759     1912     1932     2117     2575     5083     2949 |     19899

                    SUM            8969     4402     4366     3985     3910     4281     7625     4123 |     41661
                                              OBSERVATION
                                   5349     1356     1149      904      767      707     1114      658 |     12004
                                    570      313      267      276      220      207      324      144 |      2321
                                    393      241      235      201      184      196      286      111 |      1847
                       CAMSNRT      351      209      208      184      158      147      285       95 |      1637
                                    326      202      198      186      164      191      258      112 |      1637
                                    326      235      268      226      215      192      330      131 |      1923
                                    420      366      375      301      334      337      551      242 |      2926
                                   1234     1480     1666     1707     1868     2304     4477     2630 |     17366

                    SUM            8969     4402     4366     3985     3910     4281     7625     4123 |     41661

