 <pre>

 Contingency table for Cloud base (m)
 Selection: ALL    143 stations
Period: 20200203-20200217
Used {00,12} + 01 02 ... 24
 Limits    70.0000000       150.000000       300.000000       600.000000       1000.00000       1500.00000       2500.00000       5000.00000    
 Each class is data <= limit, the very last > last limit
 Total number of values       76915
                                                       OBSERVATION
                                    518      416      301      140       58       39       10       10       30 |      1522
                                    185      590      555      258       62       32       13        6        9 |      1710
                                    152      783     1935     1464      255      181       29       34       10 |      4843
                                     81      365     1788     6411     3160     1132      208      231      163 |     13539
                         Tegen       34      123      496     2880     6582     3166      386      543      310 |     14520
                                     20       60      338     1240     2410     2776      280      454      216 |      7794
                                      8       57      228      819     1146     1225      340      345       71 |      4239
                                     12       57      249     1037     1265     1312      540     1206      154 |      5832
                                    457      226      815     3590     6170     4969      777     2612     3300 |     22916

                    SUM            1467     2677     6705    17839    21108    14832     2583     5441     4263 |     76915
                                                       OBSERVATION
                                    517      412      300      143       62       37       10        8       31 |      1520
                                    184      578      541      249       57       40       15        5        6 |      1675
                                    152      791     1920     1444      243      174       24       32        8 |      4788
                                     83      376     1809     6430     3116     1081      210      234      147 |     13486
                       CAMSMMR       33      111      504     2918     6693     3183      407      588      345 |     14782
                                     20       65      331     1220     2434     2838      289      422      210 |      7829
                                      6       54      238      838     1125     1249      339      346       68 |      4263
                                     13       59      254     1019     1324     1322      521     1205      160 |      5877
                                    459      231      808     3578     6054     4908      768     2601     3288 |     22695

                    SUM            1467     2677     6705    17839    21108    14832     2583     5441     4263 |     76915
                                                       OBSERVATION
                                    373      252      231      140       64       45       16        6       22 |      1149
                                    161      509      338      218       59       42        3        9        1 |      1340
                                    170     1013     1882      996      217      132       36       35       13 |      4494
                                     59      312     1971     6491     3209     1009      200      249      144 |     13644
                       CAMSNRT       25       91      438     2421     5865     2882      356      472      251 |     12801
                                     25       65      297     1043     1848     2258      222      329      114 |      6201
                                     10       64      252      902      960     1110      288      297       48 |      3931
                                      8       74      325     1235     1497     1481      561     1293      172 |      6646
                                    636      297      971     4393     7389     5873      901     2751     3498 |     26709

                    SUM            1467     2677     6705    17839    21108    14832     2583     5441     4263 |     76915

