 <pre>

 Contingency table for Cloud base (m)
 Selection: Ireland     27 stations
Period: 20200203-20200217
Used {00,12} + 01 02 ... 24
 Limits    70.0000000       150.000000       300.000000       600.000000       1000.00000       1500.00000       2500.00000       5000.00000    
 Each class is data <= limit, the very last > last limit
 Total number of values       16348
                                                       OBSERVATION
                                     41       70       29       20        5        5        0        3        3 |       176
                                     17       72       59       29        7        8        1        3        1 |       197
                                     18      160      278      240       30       30        7        9        0 |       772
                                      4       73      387     1314      607      178       56       75       34 |      2728
                         Tegen        2       21      129      848     1380      385       76      100       45 |      2986
                                      3       15      127      492      790      570       55       91       48 |      2191
                                      2       15       98      335      321      250       75       67       16 |      1179
                                      1       19       96      356      287      187       68      184       31 |      1229
                                     28       39      241     1150     1419      707      179      468      659 |      4890

                    SUM             116      484     1444     4784     4846     2320      517     1000      837 |     16348
                                                       OBSERVATION
                                     38       71       33       21        6        6        0        2        3 |       180
                                     17       68       52       32        7       10        2        1        0 |       189
                                     19      154      281      237       32       27        7       10        1 |       768
                                      6       78      393     1327      612      172       56       82       36 |      2762
                       CAMSMMR        3       19      128      842     1421      384       74      116       47 |      3034
                                      3       15      122      504      790      582       56       85       48 |      2205
                                      0       14       99      333      308      256       72       64       18 |      1164
                                      1       22      102      351      284      190       66      179       30 |      1225
                                     29       43      234     1137     1386      693      184      461      654 |      4821

                    SUM             116      484     1444     4784     4846     2320      517     1000      837 |     16348
                                                       OBSERVATION
                                     20       43       33       25        2        7        0        0        2 |       132
                                     13       85       49       38        7        6        1        3        1 |       203
                                     25      189      281      187       36       21       10       10        5 |       764
                                      4       52      366     1229      713      150       48       83       27 |      2672
                       CAMSNRT        1       11      113      763     1242      415       80      100       36 |      2761
                                      4       17      123      420      660      522       45       70       27 |      1888
                                      3       15       83      342      229      196       63       56       11 |       998
                                      1       11      127      413      333      222       86      187       27 |      1407
                                     45       61      269     1367     1624      781      184      491      701 |      5523

                    SUM             116      484     1444     4784     4846     2320      517     1000      837 |     16348

