 <pre>

 Contingency table for Low clouds (octas)
 Selection: ALL    143 stations
Period: 20200203-20200217
Used {00,12} + 01 02 ... 24
 Limits    1.00000000       2.00000000       3.00000000       4.00000000       5.00000000       6.00000000       7.00000000    
 Each class is data <= limit, the very last > last limit
 Total number of values       83237
                                              OBSERVATION
                                   9862     2432     2120     1640     1373     1250     1725      964 |     21366
                                   1139      540      525      419      367      316      532      238 |      4076
                                    823      433      408      397      337      340      478      172 |      3388
                         Tegen      699      368      389      303      318      297      445      183 |      3002
                                    641      367      374      337      277      278      447      183 |      2904
                                    736      429      416      410      374      340      536      200 |      3441
                                    954      636      637      573      556      563      941      397 |      5257
                                   3096     3597     3839     3884     4226     5167    10106     5888 |     39803

                    SUM           17950     8802     8708     7963     7828     8551    15210     8225 |     83237
                                              OBSERVATION
                                   9767     2416     2062     1646     1365     1214     1705      947 |     21122
                                   1182      552      566      432      393      356      537      218 |      4236
                                    832      442      401      351      309      308      460      190 |      3293
                       CAMSMMR      688      369      392      329      308      301      436      196 |      3019
                                    645      391      374      328      303      303      456      168 |      2968
                                    735      412      429      393      358      347      533      217 |      3424
                                    945      646      665      569      552      544      912      370 |      5203
                                   3156     3574     3819     3915     4240     5178    10171     5919 |     39972

                    SUM           17950     8802     8708     7963     7828     8551    15210     8225 |     83237
                                              OBSERVATION
                                  10650     2685     2328     1831     1537     1414     2145     1313 |     23903
                                   1158      638      534      529      435      410      642      281 |      4627
                                    801      472      454      403      354      385      559      229 |      3657
                       CAMSNRT      716      409      393      352      349      331      564      210 |      3324
                                    652      411      433      354      349      345      519      215 |      3278
                                    667      450      517      442      419      400      675      248 |      3818
                                    842      713      749      613      654      677     1116      466 |      5830
                                   2464     3024     3300     3439     3731     4589     8990     5263 |     34800

                    SUM           17950     8802     8708     7963     7828     8551    15210     8225 |     83237

