 <pre>

 Contingency table for Low clouds (octas)
 Selection: ALL    143 stations
Period: 20200203-20200217
Used {12} + 01 02 ... 24
 Limits    1.00000000       2.00000000       3.00000000       4.00000000       5.00000000       6.00000000       7.00000000    
 Each class is data <= limit, the very last > last limit
 Total number of values       41576
                                              OBSERVATION
                                   4904     1175     1069      805      690      641      841      466 |     10591
                                    567      253      255      205      177      151      242      112 |      1962
                                    409      213      210      193      170      164      226       87 |      1672
                         Tegen      380      194      196      145      151      144      251       89 |      1550
                                    323      184      185      174      140      127      222       98 |      1453
                                    361      231      215      197      192      176      276      107 |      1755
                                    489      334      305      301      276      265      463      181 |      2614
                                   1548     1816     1907     1958     2122     2602     5064     2962 |     19979

                    SUM            8981     4400     4342     3978     3918     4270     7585     4102 |     41576
                                              OBSERVATION
                                   4845     1155     1024      801      684      631      836      468 |     10444
                                    587      252      280      215      205      171      249       95 |      2054
                                    440      225      204      168      153      141      218      102 |      1651
                       CAMSMMR      350      182      204      159      138      143      235       94 |      1505
                                    328      203      196      162      165      142      226       87 |      1509
                                    373      239      226      202      178      172      278      118 |      1786
                                    474      329      301      288      272      267      455      168 |      2554
                                   1584     1815     1907     1983     2123     2603     5088     2970 |     20073

                    SUM            8981     4400     4342     3978     3918     4270     7585     4102 |     41576
                                              OBSERVATION
                                   5301     1329     1179      927      770      707     1031      655 |     11899
                                    588      325      267      253      215      203      318      137 |      2306
                                    408      231      219      202      170      189      273      118 |      1810
                       CAMSNRT      365      200      185      168      191      184      279      115 |      1687
                                    326      209      235      168      185      154      261      103 |      1641
                                    341      215      249      216      204      208      345      117 |      1895
                                    422      347      374      312      320      340      565      224 |      2904
                                   1230     1544     1634     1732     1863     2285     4513     2633 |     17434

                    SUM            8981     4400     4342     3978     3918     4270     7585     4102 |     41576

