 <pre>

 Contingency table for Low clouds (octas)
 Selection: Ireland     27 stations
Period: 20200203-20200217
Used {00} + 01 02 ... 24
 Limits    1.00000000       2.00000000       3.00000000       4.00000000       5.00000000       6.00000000       7.00000000    
 Each class is data <= limit, the very last > last limit
 Total number of values        8685
                                              OBSERVATION
                                    847      217      205      176      160      120      258      110 |      2093
                                     89       58       55       41       45       36       93       30 |       447
                                     90       35       48       45       26       42       79       19 |       384
                         Tegen       61       34       44       33       36       43       59       22 |       332
                                     49       30       38       39       31       42       68       20 |       317
                                     63       26       41       53       47       46       71       29 |       376
                                    101       65       64       58       57       79      145       61 |       630
                                    319      296      340      306      353      405     1361      726 |      4106

                    SUM            1619      761      835      751      755      813     2134     1017 |      8685
                                              OBSERVATION
                                    839      218      198      177      159      120      243       98 |      2052
                                     96       60       60       39       34       33       98       29 |       449
                                     70       34       46       40       32       44       83       26 |       375
                       CAMSMMR       82       33       31       33       29       41       59       23 |       331
                                     52       29       34       39       40       47       65       23 |       329
                                     54       31       40       48       46       41       80       28 |       368
                                     87       63       81       57       47       66      134       57 |       592
                                    339      293      345      318      368      421     1372      733 |      4189

                    SUM            1619      761      835      751      755      813     2134     1017 |      8685
                                              OBSERVATION
                                    884      225      222      164      181      135      301      141 |      2253
                                     94       62       52       51       38       53      111       43 |       504
                                     68       27       53       46       37       47       82       37 |       397
                       CAMSNRT       67       40       40       38       30       26       77       28 |       346
                                     74       41       42       44       30       53       84       28 |       396
                                     66       47       59       51       43       43      101       39 |       449
                                     82       83       71       66       67       68      181       86 |       704
                                    284      236      296      291      329      388     1197      615 |      3636

                    SUM            1619      761      835      751      755      813     2134     1017 |      8685

