 <pre>

 Contingency table for Cloud cover (octas)
 Selection: ALL     32 stations
Period: 20200203-20200217
Used {00} + 01 02 ... 24
 Limits   0.500000000       1.50000000       2.50000000       3.50000000       4.50000000       5.50000000       6.50000000       7.50000000    
 Each class is data <= limit, the very last > last limit
 Total number of values        6942
                                                       OBSERVATION
                                    158      277      119       97       40       50       55       56       25 |       877
                                     25       75       54       56       27       41       37       43       17 |       375
                                     12       40       29       42       21       25       32       36       14 |       251
                                      2       30       32       23       26       21       28       34       18 |       214
                         Tegen        8       22       17       20       23       20       25       31       12 |       178
                                      8       11       24       21       32       32       33       38       17 |       216
                                      7       32       25       30       22       29       37       56       13 |       251
                                     15       30       38       48       38       48       60      126       50 |       453
                                     28       93      118      195      184      258      475     1446     1330 |      4127

                    SUM             263      610      456      532      413      524      782     1866     1496 |      6942
                                                       OBSERVATION
                                    159      288      115       98       35       54       50       54       25 |       878
                                     21       61       50       39       34       38       41       48       15 |       347
                                     11       35       30       49       26       21       27       32       17 |       248
                                      4       22       28       33       20       21       26       22        9 |       185
                       CAMSMMR        8       29       23       21       15       27       35       27       18 |       203
                                      5       18       21       26       24       26       25       53       20 |       218
                                     11       29       28       26       34       28       47       60       23 |       286
                                     19       34       35       42       37       56       55      121       42 |       441
                                     25       94      126      198      188      253      476     1449     1327 |      4136

                    SUM             263      610      456      532      413      524      782     1866     1496 |      6942
                                                       OBSERVATION
                                    211      296      116      107       36       61       52       63       35 |       977
                                     15       73       60       59       36       38       49       55       28 |       413
                                      7       38       37       35       32       33       39       53       17 |       291
                                      1       26       31       29       16       26       30       31        8 |       198
                       CAMSNRT        5       19       19       20       22       37       27       49        9 |       207
                                      7       21       23       16       17       23       46       41       22 |       216
                                      1       25       25       34       32       31       39       60       24 |       271
                                      7       32       33       64       39       47       58      119       52 |       451
                                      9       80      112      168      183      228      442     1395     1301 |      3918

                    SUM             263      610      456      532      413      524      782     1866     1496 |      6942

