 <pre>

 Contingency table for Low clouds (octas)
 Selection: Ireland     27 stations
Period: 20200203-20200217
Used {12} + 01 02 ... 24
 Limits    1.00000000       2.00000000       3.00000000       4.00000000       5.00000000       6.00000000       7.00000000    
 Each class is data <= limit, the very last > last limit
 Total number of values        8706
                                              OBSERVATION
                                    818      212      218      161      173      163      275      133 |      2153
                                     81       46       59       60       40       28       78       31 |       423
                                     83       37       46       49       37       42       71       22 |       387
                         Tegen       76       43       38       25       33       27       62       18 |       322
                                     54       34       35       40       32       25       60       29 |       309
                                     64       35       53       40       50       58       93       19 |       412
                                     97       68       62       68       64       51      155       47 |       612
                                    310      268      318      312      349      426     1373      732 |      4088

                    SUM            1583      743      829      755      778      820     2167     1031 |      8706
                                              OBSERVATION
                                    800      206      213      167      173      156      269      130 |      2114
                                     93       54       65       55       38       37       79       25 |       446
                                     86       33       42       49       23       36       65       30 |       364
                       CAMSMMR       62       35       45       35       46       27       59       17 |       326
                                     63       41       40       26       39       32       68       24 |       333
                                     61       39       42       40       41       48       97       23 |       391
                                     95       62       64       66       60       55      147       42 |       591
                                    323      273      318      317      358      429     1383      740 |      4141

                    SUM            1583      743      829      755      778      820     2167     1031 |      8706
                                              OBSERVATION
                                    851      221      233      184      158      154      283      174 |      2258
                                    106       60       56       65       45       45      102       44 |       523
                                     71       40       58       51       46       40       87       36 |       429
                       CAMSNRT       62       37       31       31       36       38       81       34 |       350
                                     65       42       42       34       38       36       85       25 |       367
                                     57       36       48       38       49       47      107       32 |       414
                                     86       71       82       72       58       79      185       59 |       692
                                    285      236      279      280      348      381     1237      627 |      3673

                    SUM            1583      743      829      755      778      820     2167     1031 |      8706

